988900
986871
982725
980050
977487
972567
962517
957277
946102
944248
938060
928138
924629
921758
917270
916207
911200
905381
903975
898908
897282
894493
894472
891979
889216
886274
884446
884061
883295
882860
865842
865833
860990
852132
848993
843190
839400
838503
837481
820786
820679
819559
818418
814524
809677
801565
800720
799750
794447
772340
769682
769321
762140
759371
759187
753947
751180
743858
737904
736146
733464
729771
729654
718890
718199
716999
710072
709886
704851
685611
685589
672964
664846
664072
656018
652240
651810
649828
649237
646909
646498
635082
627615
617839
616754
614275
606428
605735
604794
602017
597658
597583
597166
578322
577719
574123
569943
563543
551816
537727
536342
535341
535337
524389
523554
511268
503477
501398
498300
493673
491766
488772
475141
467338
463104
459061
456513
449141
446166
441600
434745
430716
428916
427184
411320
406644
401632
392338
389052
374954
368954
367388
365126
362161
359061
351923
349355
347079
338559
334549
333953
325974
325404
324055
320233
318465
304428
298791
297649
296528
290183
267364
264820
264021
261583
261226
251398
251011
245601
240216
233079
228774
228488
228060
227291
221551
213982
211421
207863
205565
202161
200111
198781
197793
195202
192953
183207
182707
180752
178684
174801
171719
170944
166010
158225
157987
156863
147097
142472
142206
139402
132789
130866
128863
128804
121415
118251
111830
106208
103260
