2987
2082
3540
4395
4017
2536
4528
2572
2701
9
2911
18
1380
519
3668
4313
1063
3695
4542
1036
1686
2390
1285
369
781
2290
3097
4202
3736
4898
3968
3154
3106
2893
1213
3897
2349
2298
149
2740
899
950
1477
309
4662
4539
2265
3828
3814
4518
3760
2088
100
3533
3170
1477
4186
2337
774
3486
3218
1348
3507
2238
3286
1254
2488
3229
719
238
798
3148
1603
2657
3318
1027
2888
1984
1497
3148
3038
2621
3589
3815
839
1422
633
1042
742
2227
1201
191
1408
2981
2308
4651
2357
3060
2772
2292
2926
4164
1301
4067
293
2983
2189
3608
3029
2060
3487
954
3125
88
1386
4554
4169
1776
4184
623
4330
3182
3110
659
2754
4067
1053
1767
660
305
2719
2689
47
1173
4475
292
1696
4272
2063
89
245
2900
4514
2345
24
2250
1823
4150
3461
3225
3650
4519
1115
845
2329
4488
406
2483
1253
1100
4062
4769
272
750
3801
4132
4991
35
26
1729
4801
524
2087
2007
2960
4858
4912
1819
963
1112
2023
3650
4418
1538
1208
2598
1052
2659
4015
595
1715
1294
55
3821
990
3825
888
410
1932
230
848
418
1085
3067
636
2091
884
2268
1227
2819
577
1615
1850
3119
4635
2785
2099
2886
2972
4614
2186
4444
1392
2743
4791
3487
442
4325
4783
818
1811
4506
1996
4320
3459
946
2730
3318
2297
1227
4206
764
3997
4680
3180
4203
178
226
3645
4196
3055
4626
3831
3687
3736
3090
4581
3232
3693
2642
2716
900
3352
4262
2228
4885
2081
102
1352
3161
4410
1744
2937
901
979
4394
4584
4872
3688
3802
167
2088
4105
1083
4853
2810
4912
498
1867
3346
4383
3263
2825
3183
2427
2908
4738
3584
1339
1414
2866
5000
3638
4867
297
3861
4878
789
3433
3315
2142
189
2753
2966
1061
11
1038
221
3798
1108
2382
2294
3840
1245
1372
4825
326
4152
3243
1902
3018
4269
3300
1127
631
2112
2449
4659
2689
1383
3632
1860
4555
1283
3589
2121
4050
3399
1578
409
1179
3381
4520
205
3940
2601
506
1678
908
1075
1316
1855
3347
4251
1607
4520
1256
3320
3277
1142
3389
3334
2894
2559
3643
3896
1193
3118
2749
1765
4724
2832
1275
2365
2180
3366
4785
4828
1637
564
70
1396
3204
4393
3668
1495
4516
2822
3090
3226
2397
2449
1250
4948
4455
1619
4288
3799
2481
1923
1422
2627
369
4361
4919
4989
2089
124
3430
2735
1968
1774
4688
3539
2818
2233
2703
3740
4368
1569
973
2059
1839
4509
4615
4086
2992
563
224
3503
2822
3772
3225
1482
1312
3464
4485
1437
525
3071
3718
4335
1307
1234
4137
515
1942
1269
2451
557
1846
4533
429
4590
150
1828
1207
4762
3635
2127
4511
4853
2969
3265
2998
1955
4622
2662
2325
1640
2501
4423
3480
4735
3185
800
1276
4133
2771
2810
1910
2292
778
1885
1856
3217
3469
4924
1481
947
2595
4288
4086
2379
877
2185
4962
2583
794
2913
3692
965
3111
4485
3606
3333
664
710
3206
4922
3888
360
3959
2897
2115
659
3286
3333
592
3265
3492
129
354
3580
1888
4219
2513
4828
2822
4366
3000
2474
1381
4491
2961
2851
1235
4243
4768
1919
4578
1322
2586
2773
4334
2078
79
2959
1614
4104
3770
1074
716
2385
2506
624
1592
4926
4291
3079
3720
990
939
30
2182
4467
4474
1001
4943
2765
4282
1689
2534
1239
4918
3656
3177
3730
2940
2726
3071
3878
2137
326
4759
1199
2906
2945
1060
4101
3998
3327
4098
2593
4520
2521
3932
2907
859
1306
1265
2868
4756
1165
3453
687
4519
1851
928
2660
3216
640
1100
1380
1063
2872
2529
4561
4600
4772
4420
3130
3398
1923
4439
4938
1062
3554
2903
841
4261
3996
726
2935
3757
4913
2468
435
4956
3834
1210
3
4605
2288
4497
2250
3530
3023
4966
2973
3389
2306
1396
3174
1288
3333
407
602
3401
4860
925
1038
2693
1620
1476
1506
1918
83
2047
82
4133
3637
1418
2223
4467
1012
4324
2471
405
894
4521
4476
1589
2820
1753
3657
4479
396
301
4473
2391
690
1039
213
3743
687
3914
615
298
1075
4356
2114
3127
4517
3428
4590
4027
1840
121
4857
2936
807
1630
2597
1265
3838
2452
573
139
1366
2930
1266
922
1032
4890
331
3237
3337
3365
3792
1816
2434
3154
1242
4526
362
3208
3679
4032
3371
1438
816
4267
4965
2978
1707
3979
3906
1078
1652
2795
954
4127
662
805
1063
1128
4077
553
3539
78
2324
4862
4763
2106
2202
4263
166
4264
4284
2437
1784
2672
2325
3641
4679
4330
1841
828
4266
1263
3286
1574
2473
1940
2006
4110
3058
3493
2219
4121
3124
4274
3730
289
4763
1509
2200
3841
450
2576
3576
1376
1053
4783
1770
4294
4553
870
3726
335
3040
102
2787
4859
4163
4394
891
3133
1771
4068
3521
3786
3649
2160
2950
4326
559
2143
949
2887
1478
2045
3678
3208
4584
2076
4724
1534
3534
201
4180
2001
234
3303
1852
2318
2569
78
3337
4729
4210
4516
4150
770
2039
3575
2551
3741
1555
2757
1277
1246
2398
1867
4926
3382
2089
3915
1120
4945
4158
4728
4698
3574
2886
4432
4816
1759
4794
516
1147
533
2431
360
4716
2654
1433
2810
3404
660
104
3126
4660
3646
4089
4754
444
4014
4427
2094
23
460
4797
1270
2198
1183
2214
594
617
1363
2724
3506
2388
4570
1254
2124
4998
4451
823
96
224
2091
4030
914
2264
3700
2400
1621
3536
2388
1225
4173
3074
4230
4188
3795
1421
996
1756
4322
1813
940
4663
1281
3361
3489
3846
3256
4892
2923
833
3438
2902
4087
2925
1427
3352
1834
4317
4857
406
1159
2440
3669
3946
4211
4641
1037
3017
4530
3701
1222
3149
3890
63
3296
495
4417
1609
2619
1702
1989
2437
1999
425
1457
2103
4306
1957
