3
9
11
18
23
24
26
30
35
47
55
63
70
78
78
79
82
83
88
89
96
100
102
102
104
121
124
129
139
149
150
166
167
178
189
191
201
205
213
221
224
224
226
230
234
238
245
272
289
292
293
297
298
301
305
309
326
326
331
335
354
360
360
362
369
369
396
405
406
406
407
409
410
418
425
429
435
442
444
450
460
495
498
506
515
516
519
524
525
533
553
557
559
563
564
573
577
592
594
595
602
615
617
623
624
631
633
636
640
659
659
660
660
662
664
687
687
690
710
716
719
726
742
750
764
770
774
778
781
789
794
798
800
805
807
816
818
823
828
833
839
841
845
848
859
870
877
884
888
891
894
899
900
901
908
914
922
925
928
939
940
946
947
949
950
954
954
963
965
973
979
990
990
996
1001
1012
1027
1032
1036
1037
1038
1038
1039
1042
1052
1053
1053
1060
1061
1062
1063
1063
1063
1074
1075
1075
1078
1083
1085
1100
1100
1108
1112
1115
1120
1127
1128
1142
1147
1159
1165
1173
1179
1183
1193
1199
1201
1207
1208
1210
1213
1222
1225
1227
1227
1234
1235
1239
1242
1245
1246
1250
1253
1254
1254
1256
1263
1265
1265
1266
1269
1270
1275
1276
1277
1281
1283
1285
1288
1294
1301
1306
1307
1312
1316
1322
1339
1348
1352
1363
1366
1372
1376
1380
1380
1381
1383
1386
1392
1396
1396
1408
1414
1418
1421
1422
1422
1427
1433
1437
1438
1457
1476
1477
1477
1478
1481
1482
1495
1497
1506
1509
1534
1538
1555
1569
1574
1578
1589
1592
1603
1607
1609
1614
1615
1619
1620
1621
1630
1637
1640
1652
1678
1686
1689
1696
1702
1707
1715
1729
1744
1753
1756
1759
1765
1767
1770
1771
1774
1776
1784
1811
1813
1816
1819
1823
1828
1834
1839
1840
1841
1846
1850
1851
1852
1855
1856
1860
1867
1867
1885
1888
1902
1910
1918
1919
1923
1923
1932
1940
1942
1955
1957
1968
1984
1989
1996
1999
2001
2006
2007
2023
2039
2045
2047
2059
2060
2063
2076
2078
2081
2082
2087
2088
2088
2089
2089
2091
2091
2094
2099
2103
2106
2112
2114
2115
2121
2124
2127
2137
2142
2143
2160
2180
2182
2185
2186
2189
2198
2200
2202
2214
2219
2223
2227
2228
2233
2238
2250
2250
2264
2265
2268
2288
2290
2292
2292
2294
2297
2298
2306
2308
2318
2324
2325
2325
2329
2337
2345
2349
2357
2365
2379
2382
2385
2388
2388
2390
2391
2397
2398
2400
2427
2431
2434
2437
2437
2440
2449
2449
2451
2452
2468
2471
2473
2474
2481
2483
2488
2501
2506
2513
2521
2529
2534
2536
2551
2559
2569
2572
2576
2583
2586
2593
2595
2597
2598
2601
2619
2621
2627
2642
2654
2657
2659
2660
2662
2672
2689
2689
2693
2701
2703
2716
2719
2724
2726
2730
2735
2740
2743
2749
2753
2754
2757
2765
2771
2772
2773
2785
2787
2795
2810
2810
2810
2818
2819
2820
2822
2822
2822
2825
2832
2851
2866
2868
2872
2886
2886
2887
2888
2893
2894
2897
2900
2902
2903
2906
2907
2908
2911
2913
2923
2925
2926
2930
2935
2936
2937
2940
2945
2950
2959
2960
2961
2966
2969
2972
2973
2978
2981
2983
2987
2992
2998
3000
3017
3018
3023
3029
3038
3040
3055
3058
3060
3067
3071
3071
3074
3079
3090
3090
3097
3106
3110
3111
3118
3119
3124
3125
3126
3127
3130
3133
3148
3148
3149
3154
3154
3161
3170
3174
3177
3180
3182
3183
3185
3204
3206
3208
3208
3216
3217
3218
3225
3225
3226
3229
3232
3237
3243
3256
3263
3265
3265
3277
3286
3286
3286
3296
3300
3303
3315
3318
3318
3320
3327
3333
3333
3333
3334
3337
3337
3346
3347
3352
3352
3361
3365
3366
3371
3381
3382
3389
3389
3398
3399
3401
3404
3428
3430
3433
3438
3453
3459
3461
3464
3469
3480
3486
3487
3487
3489
3492
3493
3503
3506
3507
3521
3530
3533
3534
3536
3539
3539
3540
3554
3574
3575
3576
3580
3584
3589
3589
3606
3608
3632
3635
3637
3638
3641
3643
3645
3646
3649
3650
3650
3656
3657
3668
3668
3669
3678
3679
3687
3688
3692
3693
3695
3700
3701
3718
3720
3726
3730
3730
3736
3736
3740
3741
3743
3757
3760
3770
3772
3786
3792
3795
3798
3799
3801
3802
3814
3815
3821
3825
3828
3831
3834
3838
3840
3841
3846
3861
3878
3888
3890
3896
3897
3906
3914
3915
3932
3940
3946
3959
3968
3979
3996
3997
3998
4014
4015
4017
4027
4030
4032
4050
4062
4067
4067
4068
4077
4086
4086
4087
4089
4098
4101
4104
4105
4110
4121
4127
4132
4133
4133
4137
4150
4150
4152
4158
4163
4164
4169
4173
4180
4184
4186
4188
4196
4202
4203
4206
4210
4211
4219
4230
4243
4251
4261
4262
4263
4264
4266
4267
4269
4272
4274
4282
4284
4288
4288
4291
4294
4306
4313
4317
4320
4322
4324
4325
4326
4330
4330
4334
4335
4356
4361
4366
4368
4383
4393
4394
4394
4395
4410
4417
4418
4420
4423
4427
4432
4439
4444
4451
4455
4467
4467
4473
4474
4475
4476
4479
4485
4485
4488
4491
4497
4506
4509
4511
4514
4516
4516
4517
4518
4519
4519
4520
4520
4520
4521
4526
4528
4530
4533
4539
4542
4553
4554
4555
4561
4570
4578
4581
4584
4584
4590
4590
4600
4605
4614
4615
4622
4626
4635
4641
4651
4659
4660
4662
4663
4679
4680
4688
4698
4716
4724
4724
4728
4729
4735
4738
4754
4756
4759
4762
4763
4763
4768
4769
4772
4783
4783
4785
4791
4794
4797
4801
4816
4825
4828
4828
4853
4853
4857
4857
4858
4859
4860
4862
4867
4872
4878
4885
4890
4892
4898
4912
4912
4913
4918
4919
4922
4924
4926
4926
4938
4943
4945
4948
4956
4962
4965
4966
4989
4991
4998
5000
