28/01 : 12, 45, 23, 15, 29, 11, 16, 33, 28, 20, 26, 28, 11, 43, 17, 36, 7, 21, 16, 44
28/02 : 36, 10, 42, 27, 12, 11, 33, 37, 12, 32, 24, 28, 15, 7, 8, 16, 39, 21, 12, 16, 28
28/03 : 7, 29, 42, 17, 26, 42, 18, 41, 38, 32, 37, 28, 42, 40, 25, 20, 42, 39, 26, 39, 22, 43
28/04 : 45, 29, 34, 23, 17, 39, 26, 22, 30, 42, 42, 9, 35, 15, 26, 26, 44, 44, 25, 11, 42, 34, 19
28/05 : 35, 45, 35, 10, 15, 22, 26, 36, 7, 40, 10, 35, 20, 23, 31, 28, 10, 23, 14, 33, 7, 43, 13, 39
28/06 : 39, 31, 10, 12, 15, 16, 24, 45, 8, 34, 23, 22, 20, 15, 44, 44, 10, 9, 8, 24, 27, 32, 33, 25, 34
28/07 : 37, 35, 15, 26, 34, 9, 27, 40, 13, 33, 37, 36, 39, 17, 20, 41, 18, 15, 23, 18, 39, 33, 21, 7, 33, 44
28/08 : 26, 28, 15, 28, 33, 21, 32, 11, 24, 20, 34, 10, 44, 32, 27, 45, 38, 41, 10, 20, 34, 19, 18, 13, 31, 35, 20
28/09 : 39, 22, 41, 19, 16, 42, 18, 20, 30, 45, 14, 41, 38, 18, 24, 17, 24, 23, 33, 30, 31, 19, 20, 18, 10, 27, 44, 33
28/10 : 8, 42, 24, 45, 37, 40, 32, 22, 20, 20, 41, 29, 13, 39, 37, 17, 38, 45, 32, 44, 24, 29, 33, 15, 42, 18, 41, 29, 35
28/11 : 40, 8, 9, 44, 13, 12, 43, 31, 15, 8, 44, 9, 39, 43, 32, 18, 43, 28, 31, 27, 30, 21, 28, 18, 29, 21, 27, 43, 28, 32
28/12 : 8, 27, 26, 24, 33, 9, 30, 28, 28, 10, 36, 24, 13, 8, 29, 11, 45, 10, 18, 29
28/13 : 28, 32, 33, 20, 17, 7, 18, 35, 12, 43, 37, 16, 18, 42, 36, 34, 19, 19, 21, 23, 27
28/14 : 24, 22, 31, 14, 45, 32, 23, 35, 14, 18, 15, 22, 12, 40, 23, 13, 21, 16, 36, 25, 18, 18
28/15 : 20, 22, 8, 15, 21, 27, 17, 24, 24, 21, 28, 15, 35, 27, 37, 33, 18, 12, 38, 35, 12, 31, 12
28/16 : 33, 33, 32, 45, 14, 9, 10, 23, 19, 29, 9, 12, 15, 38, 29, 13, 20, 16, 44, 10, 43, 24, 28, 44
28/17 : 38, 41, 17, 26, 18, 40, 19, 19, 17, 43, 38, 20, 29, 16, 27, 33, 15, 20, 7, 26, 35, 9, 39, 9, 41
28/18 : 31, 30, 24, 26, 25, 8, 16, 10, 34, 39, 18, 14, 16, 30, 35, 10, 29, 40, 7, 26, 38, 27, 21, 23, 22, 19
28/19 : 20, 11, 42, 11, 30, 36, 11, 9, 25, 36, 12, 8, 17, 43, 29, 15, 14, 17, 9, 36, 41, 28, 7, 36, 14, 12, 36
28/20 : 9, 18, 45, 25, 43, 36, 34, 35, 26, 35, 10, 30, 24, 44, 36, 28, 21, 15, 13, 19, 43, 31, 10, 20, 25, 27, 13, 39
28/21 : 35, 36, 44, 9, 10, 28, 23, 32, 31, 34, 23, 8, 12, 21, 17, 41, 29, 19, 39, 31, 36, 24, 9, 27, 19, 39, 24, 43, 45
28/22 : 31, 43, 26, 27, 16, 13, 33, 38, 39, 43, 39, 11, 39, 32, 39, 20, 32, 36, 9, 23, 25, 18, 23, 33, 28, 25, 36, 12, 10, 43
28/23 : 8, 19, 29, 39, 39, 13, 23, 28, 9, 16, 42, 19, 41, 12, 10, 33, 9, 27, 27, 15
28/24 : 8, 39, 39, 9, 11, 11, 14, 34, 16, 21, 15, 39, 7, 30, 25, 21, 16, 20, 8, 28, 27
28/25 : 31, 23, 7, 21, 9, 7, 15, 26, 14, 20, 22, 32, 7, 34, 18, 7, 38, 16, 9, 36, 41, 7
28/26 : 12, 20, 35, 37, 21, 24, 8, 38, 25, 33, 7, 14, 17, 35, 8, 16, 35, 40, 40, 21, 16, 23, 17
28/27 : 34, 20, 45, 13, 28, 44, 8, 16, 28, 10, 44, 17, 24, 7, 35, 41, 15, 28, 19, 44, 27, 24, 13, 18
28/28 : 7, 19, 30, 10, 18, 23, 17, 34, 15, 14, 17, 14, 44, 9, 20, 17, 28, 8, 24, 24, 27, 25, 11, 9, 20
28/29 : 44, 40, 39, 22, 26, 40, 7, 30, 18, 16, 38, 38, 8, 20, 15, 41, 29, 25, 32, 28, 45, 18, 8, 33, 10, 42
