1102
1272
3332
377
3920
717
466
3341
3100
3087
372
1829
3804
1248
3243
3036
2590
97
10
999
467
4164
1825
3785
2748
3666
4781
1849
2387
3317
3400
44
4197
957
3516
3239
2003
4597
151
192
3146
3806
1794
1729
1230
908
4708
2972
2367
4886
57
3577
336
2573
2381
2052
2054
2235
3778
158
2513
312
2947
3072
3426
991
2196
4014
2258
2810
1918
4176
2665
4960
3403
1464
768
353
3085
134
2125
2685
1117
2817
1662
1580
4617
1729
4711
1771
2247
3128
2611
2656
2322
2505
4521
2840
2961
2807
1529
2942
3539
1641
3689
1421
852
2166
4828
4224
4613
4527
4114
4441
2325
2555
65
2315
1396
3638
3438
4407
179
735
3427
2579
2113
1205
726
1390
3531
2029
1015
4144
3318
3547
1296
2126
21
2159
2722
1610
1896
2982
2198
2952
1778
3237
1108
14
997
840
1423
1136
1517
48
4860
4897
2642
4340
1265
4700
2917
1582
3532
1483
4259
3789
3420
981
1720
4255
1398
1243
4762
2509
1847
1226
733
4982
2297
3639
4215
1023
2932
715
4659
2871
1972
4684
3616
1285
550
2711
3624
3920
4237
2570
1709
2406
4173
4594
1510
309
4023
322
4485
3400
4470
1658
2072
174
1597
2630
3637
754
3361
4904
1517
2285
3624
3354
2227
1035
3564
968
2395
4914
2010
53
3992
2100
3031
2851
1210
3638
2584
2014
3969
363
4388
3844
2915
3647
2137
2289
930
1758
757
4764
778
118
4793
344
2499
1153
833
1145
3786
4223
127
3321
2236
2266
3754
1286
1545
319
4575
4031
4842
3516
919
2445
708
4206
205
2663
4162
2790
3067
3550
2942
746
240
2477
1266
3787
868
114
1290
596
3952
3556
4515
3843
2021
4517
4877
2421
3473
1401
2420
4297
212
2976
3935
471
4347
501
1533
4650
1501
1482
2609
3187
3858
2929
3559
4113
3759
3229
2428
1836
244
4008
3004
4282
1157
2831
2746
3475
3663
4617
4567
1063
3992
460
1379
1771
4913
204
2793
3466
3407
1615
2721
154
3089
3226
3360
1887
4763
4358
1692
3918
486
1564
2483
2164
700
1439
4211
2921
487
1710
4797
1737
2786
54
4054
1470
1037
1065
3041
1426
4400
4436
3368
3409
3029
1128
929
3260
4224
88
761
3313
4945
2312
390
2600
4615
3848
788
547
3195
4984
2571
3280
3778
4404
588
555
2503
419
3778
2363
2083
4831
1391
3026
168
2122
4561
2805
4915
3190
1784
2685
4018
3425
3438
4417
72
678
1412
3862
4661
3207
3727
3048
3105
1804
1329
1352
3430
554
3042
1776
1897
1737
1416
995
692
1245
4565
2331
366
1327
3501
1558
2073
634
4853
3067
4078
779
908
1601
4061
819
4480
534
796
1744
3119
3856
4690
2190
362
2919
246
2267
2381
2960
2165
4924
4756
1756
1400
1948
957
3365
1397
3164
4812
2044
4382
655
2887
2121
1170
2461
2820
2414
1561
3308
125
3106
1183
3588
2900
715
715
750
2829
2603
1574
4677
4002
1880
1968
4680
4349
4700
2193
4061
3948
4016
1331
3488
4518
3153
3476
4060
4994
1628
27
1968
4653
4644
1501
4744
51
4840
4257
757
1923
3473
2202
166
783
2551
2526
1049
4131
3808
2595
1686
2294
4411
3693
2326
1458
1188
2413
1997
1374
14
4480
1932
110
96
4327
531
435
2934
3643
3710
4410
436
3988
2931
2143
1795
699
3414
4461
38
174
2305
4673
4045
328
4984
4069
1337
2252
3299
1755
1691
394
4278
7
2787
3564
3636
733
3779
463
3410
2945
3485
2553
4629
3066
3779
4102
3143
4321
355
2785
3532
649
4229
2082
3918
4727
2606
1130
4697
1124
1617
4891
1851
3345
561
3729
3167
3581
4541
4754
4736
3449
3571
85
4968
3035
755
2797
4284
127
2504
2333
2305
296
3132
2083
1527
84
4898
2685
299
1158
20
2533
2680
4119
3269
2639
1085
955
2975
2953
580
3157
3854
370
1006
418
808
4564
567
882
3334
2579
1047
2482
4077
3298
1037
3359
3647
2661
4616
2421
4222
1303
83
4306
1076
3585
1090
4282
3733
2746
1007
1710
3044
4056
2789
2140
3609
3492
2134
3113
2254
4311
4407
2252
178
4192
2965
3757
4562
188
910
804
3922
4920
2345
514
2013
4397
3192
2586
1075
3232
4381
852
2220
4491
2784
4754
2850
1496
2278
4716
4458
3723
4836
1319
3194
3344
1819
1271
1219
2606
58
3668
2203
222
3798
2307
4616
1967
3702
4292
2712
774
4818
2294
4303
3153
3992
4827
4853
4259
2620
2085
4075
2131
807
4531
4447
2496
1997
2482
2704
4023
480
579
4143
3296
365
1477
2922
2339
2259
4055
4717
1138
1104
4424
184
978
3513
2401
778
2277
3380
1819
3037
4140
3751
4390
86
323
4370
170
2154
3004
711
3239
3853
1309
3978
1305
4454
2918
3872
905
4833
2497
1052
1553
2642
227
1229
3627
4928
1642
1240
3607
3485
839
4616
2679
48
1369
1784
2886
3047
818
3150
3495
3747
2640
3196
3018
1755
3682
3738
1315
2481
3468
551
4938
350
2509
1006
2543
4747
1258
4917
4494
4236
4965
3112
470
3190
2261
4611
13
614
920
2790
3049
2154
2692
1986
3055
274
32
4051
684
84
2124
2795
3675
3455
2377
44
4
4106
926
1211
4957
1360
4464
975
3154
1309
3813
1858
531
2415
2738
16
458
3231
4999
1085
2355
3352
4000
4565
1079
4674
417
1756
494
344
89
4830
1404
1892
4747
3794
4488
3797
3000
2477
2974
2654
726
1843
4053
4295
3574
2063
4533
4353
4778
689
1618
3017
3998
2722
4001
4631
3133
334
4313
3904
522
694
3777
277
2360
4953
4081
4361
477
4895
4081
4693
3426
864
4346
977
3951
4258
3568
4436
3580
596
4696
544
2499
3373
2311
1920
3431
4519
2278
4219
3903
4081
3861
4695
4561
3153
2552
3557
851
4177
2383
4971