4
7
10
13
14
14
16
20
21
27
32
38
44
44
48
48
51
53
54
57
58
65
72
83
84
84
85
86
88
89
96
97
110
114
118
125
127
127
134
151
154
158
166
168
170
174
174
178
179
184
188
192
204
205
212
222
227
240
244
246
274
277
296
299
309
312
319
322
323
328
334
336
344
344
350
353
355
362
363
365
366
370
372
377
390
394
417
418
419
435
436
458
460
463
466
467
470
471
477
480
486
487
494
501
514
522
531
531
534
544
547
550
551
554
555
561
567
579
580
588
596
596
614
634
649
655
678
684
689
692
694
699
700
708
711
715
715
715
717
726
726
733
733
735
746
750
754
755
757
757
761
768
774
778
778
779
783
788
796
804
807
808
818
819
833
839
840
851
852
852
864
868
882
905
908
908
910
919
920
926
929
930
955
957
957
968
975
977
978
981
991
995
997
999
1006
1006
1007
1015
1023
1035
1037
1037
1047
1049
1052
1063
1065
1075
1076
1079
1085
1085
1090
1102
1104
1108
1117
1124
1128
1130
1136
1138
1145
1153
1157
1158
1170
1183
1188
1205
1210
1211
1219
1226
1229
1230
1240
1243
1245
1248
1258
1265
1266
1271
1272
1285
1286
1290
1296
1303
1305
1309
1309
1315
1319
1327
1329
1331
1337
1352
1360
1369
1374
1379
1390
1391
1396
1397
1398
1400
1401
1404
1412
1416
1421
1423
1426
1439
1458
1464
1470
1477
1482
1483
1496
1501
1501
1510
1517
1517
1527
1529
1533
1545
1553
1558
1561
1564
1574
1580
1582
1597
1601
1610
1615
1617
1618
1628
1641
1642
1658
1662
1686
1691
1692
1709
1710
1710
1720
1729
1729
1737
1737
1744
1755
1755
1756
1756
1758
1771
1771
1776
1778
1784
1784
1794
1795
1804
1819
1819
1825
1829
1836
1843
1847
1849
1851
1858
1880
1887
1892
1896
1897
1918
1920
1923
1932
1948
1967
1968
1968
1972
1986
1997
1997
2003
2010
2013
2014
2021
2029
2044
2052
2054
2063
2072
2073
2082
2083
2083
2085
2100
2113
2121
2122
2124
2125
2126
2131
2134
2137
2140
2143
2154
2154
2159
2164
2165
2166
2190
2193
2196
2198
2202
2203
2220
2227
2235
2236
2247
2252
2252
2254
2258
2259
2261
2266
2267
2277
2278
2278
2285
2289
2294
2294
2297
2305
2305
2307
2311
2312
2315
2322
2325
2326
2331
2333
2339
2345
2355
2360
2363
2367
2377
2381
2381
2383
2387
2395
2401
2406
2413
2414
2415
2420
2421
2421
2428
2445
2461
2477
2477
2481
2482
2482
2483
2496
2497
2499
2499
2503
2504
2505
2509
2509
2513
2526
2533
2543
2551
2552
2553
2555
2570
2571
2573
2579
2579
2584
2586
2590
2595
2600
2603
2606
2606
2609
2611
2620
2630
2639
2640
2642
2642
2654
2656
2661
2663
2665
2679
2680
2685
2685
2685
2692
2704
2711
2712
2721
2722
2722
2738
2746
2746
2748
2784
2785
2786
2787
2789
2790
2790
2793
2795
2797
2805
2807
2810
2817
2820
2829
2831
2840
2850
2851
2871
2886
2887
2900
2915
2917
2918
2919
2921
2922
2929
2931
2932
2934
2942
2942
2945
2947
2952
2953
2960
2961
2965
2972
2974
2975
2976
2982
3000
3004
3004
3017
3018
3026
3029
3031
3035
3036
3037
3041
3042
3044
3047
3048
3049
3055
3066
3067
3067
3072
3085
3087
3089
3100
3105
3106
3112
3113
3119
3128
3132
3133
3143
3146
3150
3153
3153
3153
3154
3157
3164
3167
3187
3190
3190
3192
3194
3195
3196
3207
3226
3229
3231
3232
3237
3239
3239
3243
3260
3269
3280
3296
3298
3299
3308
3313
3317
3318
3321
3332
3334
3341
3344
3345
3352
3354
3359
3360
3361
3365
3368
3373
3380
3400
3400
3403
3407
3409
3410
3414
3420
3425
3426
3426
3427
3430
3431
3438
3438
3449
3455
3466
3468
3473
3473
3475
3476
3485
3485
3488
3492
3495
3501
3513
3516
3516
3531
3532
3532
3539
3547
3550
3556
3557
3559
3564
3564
3568
3571
3574
3577
3580
3581
3585
3588
3607
3609
3616
3624
3624
3627
3636
3637
3638
3638
3639
3643
3647
3647
3663
3666
3668
3675
3682
3689
3693
3702
3710
3723
3727
3729
3733
3738
3747
3751
3754
3757
3759
3777
3778
3778
3778
3779
3779
3785
3786
3787
3789
3794
3797
3798
3804
3806
3808
3813
3843
3844
3848
3853
3854
3856
3858
3861
3862
3872
3903
3904
3918
3918
3920
3920
3922
3935
3948
3951
3952
3969
3978
3988
3992
3992
3992
3998
4000
4001
4002
4008
4014
4016
4018
4023
4023
4031
4045
4051
4053
4054
4055
4056
4060
4061
4061
4069
4075
4077
4078
4081
4081
4081
4102
4106
4113
4114
4119
4131
4140
4143
4144
4162
4164
4173
4176
4177
4192
4197
4206
4211
4215
4219
4222
4223
4224
4224
4229
4236
4237
4255
4257
4258
4259
4259
4278
4282
4282
4284
4292
4295
4297
4303
4306
4311
4313
4321
4327
4340
4346
4347
4349
4353
4358
4361
4370
4381
4382
4388
4390
4397
4400
4404
4407
4407
4410
4411
4417
4424
4436
4436
4441
4447
4454
4458
4461
4464
4470
4480
4480
4485
4488
4491
4494
4515
4517
4518
4519
4521
4527
4531
4533
4541
4561
4561
4562
4564
4565
4565
4567
4575
4594
4597
4611
4613
4615
4616
4616
4616
4617
4617
4629
4631
4644
4650
4653
4659
4661
4673
4674
4677
4680
4684
4690
4693
4695
4696
4697
4700
4700
4708
4711
4716
4717
4727
4736
4744
4747
4747
4754
4754
4756
4762
4763
4764
4778
4781
4793
4797
4812
4818
4827
4828
4830
4831
4833
4836
4840
4842
4853
4853
4860
4877
4886
4891
4895
4897
4898
4904
4913
4914
4915
4917
4920
4924
4928
4938
4945
4953
4957
4960
4965
4968
4971
4982
4984
4984
4994
4999